# spheres
#	position		radius	color			shin	refl.	refr.
s	-2 -3.5 0		1.5		0.1 0.1 0.1			80		0.9		0.0
s	2 -3.5 -4		1.5		0.1 0.1 0.1			80		0.0		0.9	1.4
#s	-1.5 -0.3 -1	0.7		1.0 0.2 0.05		50.0	0.3		0.0
#s	1.5 -0.4 0		0.6		0.1 0.85 1.0		50.0	0.4		0.0

#s	0.3 1 -3.0		0.8		0.5 0.5 0.5			50.0	0.3		0.7		1.3

# ---- walls ----
# floor / ceil
s	0 -10005 0		10000	0.7 0.7 0.7			0.0		0.0		0.0
s	0 10005 0		10000	0.7 0.7 0.7			0.0		0.0		0.0

s	-10005 0 0		10000	1.0 0.6 0.5			0.0		0.0		0.0
s	10005 0 0		10000	0.3 0.5 1.0			0.0		0.0		0.0
s	0 0 10005		10000	0.7 0.7 0.7			0.0		0.0		0.0

# lights...
l	0 4.5 0			0

# camera (there can be only one!)
#	position	FOV		target
c	0 -1.5 -38	60		0 -2.5 0
